1 652.5204131603241
2 984.9274413585663
3 1596.3783645629883
4 2239.6584906578064
5 2724.291201353073
6 3283.3532791137695
7 3818.17440032959
8 4242.411284685135
9 4910.1144235134125
10 5373.595960378647
11 5928.560132265091
12 6841.406172513962
13 7182.0050230026245
14 7455.32008433342
15 8170.145634889603
16 8640.595089197159
17 8848.352270841599
18 9169.36361837387
19 9435.275636911392
20 10757.119617938995
21 11189.98301768303
22 11856.256611347198
23 12148.561138391495
24 13057.919294834137
25 13598.087475538254
26 13978.975837230682
27 14254.131506443024
28 14795.74230146408
29 15338.182209253311
30 15504.84558558464
31 16387.768196344376
32 16920.473163604736
33 17283.794495821
34 17634.565047979355
35 17820.234586000443
36 18164.11234498024
37 19093.792063951492
38 19460.92993593216
39 19887.431665420532
40 21078.084434986115
41 21626.02556037903
42 22063.691667079926
43 22511.751259088516
44 23314.392607212067
45 23524.339787006378
46 24169.79230093956
47 24337.148156642914
48 24940.11155605316
49 25503.26556134224
50 26154.001450777054
51 26707.829855442047
52 27340.21004295349
53 27775.85124707222
54 28382.823168039322
55 28871.22908806801
56 29337.384867668152
57 29603.041532039642
58 30013.2958881855
59 30640.336183547974
60 31195.125126838684
61 31855.818974256516
62 32679.41122150421
63 33131.32865715027
64 33509.87124300003
65 33877.10370874405
66 35102.175879478455
67 35517.481073856354
68 35743.408077955246
69 36751.279322862625
70 37132.01432466507
71 37389.27285075188
72 37891.217448711395
73 38960.19666290283
74 39804.091322660446
75 40306.94677066803
76 41347.38655614853
77 42460.26949882507
78 42751.68942832947
